(6398, 300) (6398, 2) (3554, 300) (3554, 2) (25872, 300) (25872, 2)
29426
  (0, 10623)	6.18339884402439
  (0, 13919)	0.5465010749888104
  (0, 14559)	1.1115554606675069
  (0, 15700)	3.7569884009179986
  (0, 18226)	1.5195310253612764
  (0, 18467)	4.04333268052812
  (0, 19338)	7.328531148327393
  (0, 22286)	6.789534647594706
  (0, 23328)	1.9258537664551136
  (1, 7795)	5.147306912337615
  (1, 8008)	5.36241829195456
  (1, 9081)	2.030213781779356
  (1, 9548)	1.8885902192574975
  (1, 9842)	5.487127339313642
  (1, 10712)	7.077216720046487
  (1, 11167)	4.763581790865857
  (1, 11240)	1.9780280286087861
  (1, 12074)	8.581294116822761
  (1, 12204)	3.001693660045025
  (1, 13383)	8.175829008714597
  (1, 13384)	1.1367531124051018
  (1, 13919)	2.732505374944052
  (1, 14559)	0.5557777303337534
  (1, 15052)	2.8176716418105427
  (1, 15552)	3.1786167349504817
  :	:
  (29423, 20674)	1.2821726541119611
  (29423, 21548)	2.0777547265483562
  (29423, 21594)	4.71009310591487
  (29423, 22686)	1.3489223175957803
  (29423, 23714)	0.7656835847875705
  (29423, 24605)	6.18339884402439
  (29424, 9508)	7.665003384948606
  (29424, 12204)	1.5008468300225124
  (29424, 12719)	8.175829008714597
  (29424, 13792)	7.19499975570287
  (29424, 14440)	2.1419437457226627
  (29424, 14647)	4.23101618046346
  (29424, 14666)	6.384069539486542
  (29424, 14849)	2.730529451817914
  (29424, 15098)	3.941722504117337
  (29424, 15191)	8.175829008714597
  (29424, 16855)	7.665003384948606
  (29424, 18226)	1.5195310253612764
  (29424, 19164)	4.983981856234315
  (29424, 22983)	4.630050398241334
  (29424, 24152)	4.168495823482126
  (29425, 8194)	6.278709023828715
  (29425, 13921)	5.249089606647557
  (29425, 19699)	0.6764057181223682
  (29425, 22407)	4.855600689586108
(29426, 29426)
(29426, 29426)
29426
Tensor("graphconvolution_2/SparseTensorDenseMatMul/SparseTensorDenseMatMul:0", shape=(None, 2), dtype=float32)
Epoch: 0001 train_loss= 0.69315 train_acc= 0.48906 val_loss= 0.68207 val_acc= 0.48451 time= 0.37659
Epoch: 0002 train_loss= 0.67242 train_acc= 0.50281 val_loss= 0.67223 val_acc= 0.50563 time= 0.07605
Epoch: 0003 train_loss= 0.62038 train_acc= 0.54314 val_loss= 0.59917 val_acc= 0.74085 time= 0.07696
Epoch: 0004 train_loss= 0.52783 train_acc= 0.86715 val_loss= 0.55888 val_acc= 0.70704 time= 0.08104
Epoch: 0005 train_loss= 0.43829 train_acc= 0.83839 val_loss= 0.50383 val_acc= 0.77183 time= 0.07299
Epoch: 0006 train_loss= 0.32964 train_acc= 0.88700 val_loss= 0.50977 val_acc= 0.76901 time= 0.08300
Epoch: 0007 train_loss= 0.27147 train_acc= 0.89028 val_loss= 0.57330 val_acc= 0.74085 time= 0.07200
Early stopping...
Optimization Finished!
Test set results: cost= 0.58303 accuracy= 0.74536 time= 0.03100
29426
Test Precision, Recall and F1-Score...
              precision    recall  f1-score   support

           0     0.6943    0.8768    0.7749      1777
           1     0.8328    0.6140    0.7068      1777

    accuracy                         0.7454      3554
   macro avg     0.7636    0.7454    0.7409      3554
weighted avg     0.7636    0.7454    0.7409      3554

Macro average Test Precision, Recall and F1-Score...
(0.7635601638295846, 0.7453573438379291, 0.7408833620254275, None)
Micro average Test Precision, Recall and F1-Score...
(0.7453573438379291, 0.7453573438379291, 0.7453573438379291, None)
embeddings:
18764 7108 3554
[[ 7.01701269e-03 -6.24127313e-03 -6.30459934e-03 ...  2.72657443e-02
  -4.18087794e-03 -1.09482091e-02]
 [-2.35641487e-02 -3.13245468e-02  3.44339479e-03 ...  2.63794325e-02
  -4.68077399e-02  1.61592096e-01]
 [ 1.93836793e-01 -3.51341367e-02 -3.66801023e-02 ...  1.69587702e-01
   2.33356133e-01 -6.72256649e-02]
 ...
 [-9.95349791e-03 -2.30182305e-01 -1.17361963e-01 ...  3.27620387e-01
   2.61209518e-01 -1.03859486e-04]
 [-1.87528171e-02  9.90853179e-04 -1.96269006e-02 ...  4.83461916e-02
   1.70666166e-02  1.10583216e-01]
 [ 5.55759110e-02 -7.41301924e-02  2.16310360e-02 ...  9.33784917e-02
   1.11462712e-01  1.76167771e-01]]
