(6398, 300) (6398, 2) (3554, 300) (3554, 2) (25872, 300) (25872, 2)
29426
  (0, 10623)	6.18339884402439
  (0, 13919)	0.5465010749888104
  (0, 14559)	1.1115554606675069
  (0, 15700)	3.7569884009179986
  (0, 18226)	1.5195310253612764
  (0, 18467)	4.04333268052812
  (0, 19338)	7.328531148327393
  (0, 22286)	6.789534647594706
  (0, 23328)	1.9258537664551136
  (1, 7795)	5.147306912337615
  (1, 8008)	5.36241829195456
  (1, 9081)	2.030213781779356
  (1, 9548)	1.8885902192574975
  (1, 9842)	5.487127339313642
  (1, 10712)	7.077216720046487
  (1, 11167)	4.763581790865857
  (1, 11240)	1.9780280286087861
  (1, 12074)	8.581294116822761
  (1, 12204)	3.001693660045025
  (1, 13383)	8.175829008714597
  (1, 13384)	1.1367531124051018
  (1, 13919)	2.732505374944052
  (1, 14559)	0.5557777303337534
  (1, 15052)	2.8176716418105427
  (1, 15552)	3.1786167349504817
  :	:
  (29423, 20674)	1.2821726541119611
  (29423, 21548)	2.0777547265483562
  (29423, 21594)	4.71009310591487
  (29423, 22686)	1.3489223175957803
  (29423, 23714)	0.7656835847875705
  (29423, 24605)	6.18339884402439
  (29424, 9508)	7.665003384948606
  (29424, 12204)	1.5008468300225124
  (29424, 12719)	8.175829008714597
  (29424, 13792)	7.19499975570287
  (29424, 14440)	2.1419437457226627
  (29424, 14647)	4.23101618046346
  (29424, 14666)	6.384069539486542
  (29424, 14849)	2.730529451817914
  (29424, 15098)	3.941722504117337
  (29424, 15191)	8.175829008714597
  (29424, 16855)	7.665003384948606
  (29424, 18226)	1.5195310253612764
  (29424, 19164)	4.983981856234315
  (29424, 22983)	4.630050398241334
  (29424, 24152)	4.168495823482126
  (29425, 8194)	6.278709023828715
  (29425, 13921)	5.249089606647557
  (29425, 19699)	0.6764057181223682
  (29425, 22407)	4.855600689586108
(29426, 29426)
(29426, 29426)
29426
Tensor("graphconvolution_2/SparseTensorDenseMatMul/SparseTensorDenseMatMul:0", shape=(None, 2), dtype=float32)
Epoch: 0001 train_loss= 0.69315 train_acc= 0.49500 val_loss= 0.68337 val_acc= 0.48451 time= 0.39002
Epoch: 0002 train_loss= 0.67473 train_acc= 0.50172 val_loss= 0.68157 val_acc= 0.49577 time= 0.08271
Epoch: 0003 train_loss= 0.63255 train_acc= 0.52313 val_loss= 0.61049 val_acc= 0.75211 time= 0.07500
Epoch: 0004 train_loss= 0.54638 train_acc= 0.87512 val_loss= 0.57270 val_acc= 0.69155 time= 0.07621
Epoch: 0005 train_loss= 0.46500 train_acc= 0.82432 val_loss= 0.50937 val_acc= 0.77042 time= 0.07400
Epoch: 0006 train_loss= 0.34986 train_acc= 0.88746 val_loss= 0.51193 val_acc= 0.76338 time= 0.07299
Epoch: 0007 train_loss= 0.28828 train_acc= 0.88575 val_loss= 0.53664 val_acc= 0.76056 time= 0.07214
Epoch: 0008 train_loss= 0.23596 train_acc= 0.90075 val_loss= 0.57038 val_acc= 0.77042 time= 0.08300
Early stopping...
Optimization Finished!
Test set results: cost= 0.57328 accuracy= 0.75689 time= 0.03100
29426
Test Precision, Recall and F1-Score...
              precision    recall  f1-score   support

           0     0.7349    0.8036    0.7677      1777
           1     0.7834    0.7102    0.7450      1777

    accuracy                         0.7569      3554
   macro avg     0.7592    0.7569    0.7564      3554
weighted avg     0.7592    0.7569    0.7564      3554

Macro average Test Precision, Recall and F1-Score...
(0.7591551649062208, 0.7568936409679234, 0.7563621129603535, None)
Micro average Test Precision, Recall and F1-Score...
(0.7568936409679234, 0.7568936409679234, 0.7568936409679234, None)
embeddings:
18764 7108 3554
[[-0.03732619  0.10998989  0.00146785 ...  0.07766075 -0.06100427
   0.0582726 ]
 [-0.05653118 -0.02378603  0.22964661 ...  0.03438003 -0.13312489
  -0.01603476]
 [-0.06720587  0.10974262 -0.09234978 ...  0.20931658 -0.08393187
   0.16986428]
 ...
 [-0.00337723 -0.00916059 -0.1912445  ...  0.10829873  0.05269262
   0.3177942 ]
 [-0.0520473  -0.03561971  0.22363749 ... -0.00752742 -0.10271995
  -0.03628878]
 [-0.14321896 -0.06017704  0.32594842 ...  0.03304032 -0.2838835
  -0.01571102]]
