(3022, 300) (3022, 23) (4043, 300) (4043, 23) (17514, 300) (17514, 23)
21557
  (0, 3359)	5.577030769017057
  (0, 3385)	26.455355949884314
  (0, 3421)	13.939666206452838
  (0, 3587)	5.220355825078324
  (0, 3645)	0.9703478889312359
  (0, 3738)	5.8647128414688385
  (0, 3917)	19.628143287419626
  (0, 4195)	5.651138741170779
  (0, 4329)	31.721429608653622
  (0, 4385)	4.52720864451838
  (0, 4428)	19.128403576588678
  (0, 4548)	3.6781266623376743
  (0, 4600)	2.5007064881327628
  (0, 4711)	10.730794439619183
  (0, 4779)	3.68348860547906
  (0, 4822)	6.076021935136045
  (0, 4886)	1.3033452781391397
  (0, 5046)	3.7387512841541093
  (0, 5108)	13.65958747502485
  (0, 5197)	4.565429857338577
  (0, 5737)	5.731181448844316
  (0, 5896)	3.147183896412084
  (0, 5900)	1.6815727804636063
  (0, 6074)	3.7107382479264355
  (0, 6125)	4.502516031928008
  :	:
  (21556, 12648)	4.03403795599111
  (21556, 12692)	22.56882275421711
  (21556, 12705)	2.9278210679377805
  (21556, 12894)	4.53978742672524
  (21556, 12960)	2.644863488059361
  (21556, 13102)	6.963325130136948
  (21556, 13281)	3.0484490557263952
  (21556, 14226)	5.651138741170779
  (21556, 14662)	14.483872993990904
  (21556, 14684)	9.23755167608774
  (21556, 14980)	3.56690102722745
  (21556, 15283)	3.071504832026321
  (21556, 15587)	1.6650077635889111
  (21556, 15636)	4.245796185080194
  (21556, 15690)	11.729425682937677
  (21556, 15849)	3.859379271942724
  (21556, 16287)	6.076021935136045
  (21556, 16491)	3.2567460989236108
  (21556, 16547)	2.7292186255396884
  (21556, 16819)	1.8953198043817334
  (21556, 17017)	5.337918868042983
  (21556, 17066)	6.018675851219539
  (21556, 17095)	6.1366465569524795
  (21556, 17311)	6.344285921730725
  (21556, 17421)	3.744449305268747
(21557, 21557)
(21557, 21557)
21557
Tensor("graphconvolution_2/SparseTensorDenseMatMul/SparseTensorDenseMatMul:0", shape=(None, 23), dtype=float32)
Epoch: 0001 train_loss= 3.13545 train_acc= 0.04500 val_loss= 2.91868 val_acc= 0.22687 time= 0.58328
Epoch: 0002 train_loss= 2.91717 train_acc= 0.19358 val_loss= 2.75014 val_acc= 0.20597 time= 0.29900
Epoch: 0003 train_loss= 2.76411 train_acc= 0.18068 val_loss= 2.67481 val_acc= 0.20000 time= 0.29300
Epoch: 0004 train_loss= 2.69262 train_acc= 0.17141 val_loss= 2.55850 val_acc= 0.26567 time= 0.29100
Epoch: 0005 train_loss= 2.53435 train_acc= 0.24553 val_loss= 2.49247 val_acc= 0.32537 time= 0.28800
Epoch: 0006 train_loss= 2.44072 train_acc= 0.31966 val_loss= 2.37402 val_acc= 0.39104 time= 0.29200
Epoch: 0007 train_loss= 2.30665 train_acc= 0.39974 val_loss= 2.21274 val_acc= 0.42687 time= 0.29700
Epoch: 0008 train_loss= 2.13217 train_acc= 0.44507 val_loss= 2.06301 val_acc= 0.42985 time= 0.28800
Epoch: 0009 train_loss= 1.96892 train_acc= 0.47154 val_loss= 1.94733 val_acc= 0.43582 time= 0.29301
Epoch: 0010 train_loss= 1.82340 train_acc= 0.49206 val_loss= 1.83191 val_acc= 0.51642 time= 0.29500
Epoch: 0011 train_loss= 1.65788 train_acc= 0.57313 val_loss= 1.73759 val_acc= 0.54328 time= 0.29400
Epoch: 0012 train_loss= 1.50566 train_acc= 0.61152 val_loss= 1.65279 val_acc= 0.55224 time= 0.28700
Epoch: 0013 train_loss= 1.36891 train_acc= 0.64990 val_loss= 1.57916 val_acc= 0.57910 time= 0.29175
Epoch: 0014 train_loss= 1.25388 train_acc= 0.69358 val_loss= 1.50943 val_acc= 0.57313 time= 0.29100
Epoch: 0015 train_loss= 1.13927 train_acc= 0.71575 val_loss= 1.44300 val_acc= 0.60000 time= 0.29400
Epoch: 0016 train_loss= 1.02532 train_acc= 0.73031 val_loss= 1.39879 val_acc= 0.60000 time= 0.28701
Epoch: 0017 train_loss= 0.92204 train_acc= 0.74785 val_loss= 1.37726 val_acc= 0.60299 time= 0.29300
Epoch: 0018 train_loss= 0.83231 train_acc= 0.77134 val_loss= 1.35325 val_acc= 0.60896 time= 0.29500
Epoch: 0019 train_loss= 0.72614 train_acc= 0.81072 val_loss= 1.34021 val_acc= 0.62090 time= 0.29100
Epoch: 0020 train_loss= 0.65229 train_acc= 0.82925 val_loss= 1.31688 val_acc= 0.61194 time= 0.28799
Epoch: 0021 train_loss= 0.57125 train_acc= 0.85341 val_loss= 1.28926 val_acc= 0.62985 time= 0.29400
Epoch: 0022 train_loss= 0.49758 train_acc= 0.86764 val_loss= 1.26550 val_acc= 0.63881 time= 0.29201
Epoch: 0023 train_loss= 0.43333 train_acc= 0.88120 val_loss= 1.26542 val_acc= 0.63881 time= 0.28799
Epoch: 0024 train_loss= 0.38349 train_acc= 0.90404 val_loss= 1.27832 val_acc= 0.64478 time= 0.29000
Epoch: 0025 train_loss= 0.33437 train_acc= 0.91694 val_loss= 1.29050 val_acc= 0.65373 time= 0.29401
Early stopping...
Optimization Finished!
Test set results: cost= 1.31241 accuracy= 0.67400 time= 0.13302
21557
Test Precision, Recall and F1-Score...
              precision    recall  f1-score   support

           0     0.6570    0.7281    0.6907       342
           1     0.6429    0.6990    0.6698       103
           2     0.6667    0.6000    0.6316       140
           3     0.4154    0.3418    0.3750        79
           4     0.6023    0.7803    0.6799       132
           5     0.6908    0.7923    0.7381       313
           6     0.6549    0.7255    0.6884       102
           7     0.5455    0.2571    0.3495        70
           8     0.5385    0.4200    0.4719        50
           9     0.6270    0.7484    0.6824       155
          10     0.7514    0.7112    0.7308       187
          11     0.6866    0.5974    0.6389       231
          12     0.7633    0.7247    0.7435       178
          13     0.7993    0.7567    0.7774       600
          14     0.7659    0.8373    0.8000       590
          15     0.8197    0.6579    0.7299        76
          16     0.5000    0.2941    0.3704        34
          17     0.3333    0.1000    0.1538        10
          18     0.4351    0.4320    0.4335       419
          19     0.5833    0.5426    0.5622       129
          20     0.6667    0.6429    0.6545        28
          21     1.0000    0.6552    0.7917        29
          22     0.4571    0.3478    0.3951        46

    accuracy                         0.6740      4043
   macro avg     0.6349    0.5823    0.5982      4043
weighted avg     0.6721    0.6740    0.6694      4043

Macro average Test Precision, Recall and F1-Score...
(0.634894903637476, 0.5822746931684284, 0.598214661565445, None)
Micro average Test Precision, Recall and F1-Score...
(0.6740044521395003, 0.6740044521395003, 0.6740044521395003, None)
embeddings:
14157 3357 4043
[[-0.6824611   0.3995783   0.14877275 ...  0.38346627  0.43841138
   0.2664274 ]
 [-0.1675174   0.3041972  -0.06248178 ...  0.25018755  0.19841024
   0.16775826]
 [-0.43089667  0.34699148 -0.02279098 ...  0.4023717   0.3723589
   0.14596137]
 ...
 [-0.20773259  0.17134055  0.11208227 ...  0.134783    0.20221537
   0.10012735]
 [-0.20454852  0.15331133 -0.07292698 ...  0.39218664 -0.12508619
   0.25366354]
 [-0.21376592  0.10280197  0.20901614 ...  0.08587193  0.35017952
   0.16368343]]
