(5879, 300) (5879, 52) (2568, 300) (2568, 52) (15424, 300) (15424, 52)
17992
  (0, 7394)	6.686038286434835
  (0, 7579)	9.544554181485928
  (0, 8435)	1.1089956803115342
  (0, 9187)	1.4870258028519843
  (0, 9412)	3.4992585948383703
  (0, 9715)	8.687769937101656
  (0, 9722)	2.6831883644039674
  (0, 10649)	2.428921084638427
  (0, 10738)	0.09818243264420962
  (0, 10836)	3.739323224804961
  (0, 11937)	2.330442047497012
  (0, 12542)	3.606641355876964
  (0, 12888)	3.02851632033319
  (0, 13067)	4.35029811356276
  (0, 13073)	2.3388242585209373
  (0, 13236)	2.5284796776801453
  (0, 13573)	2.03853163893571
  (0, 13630)	1.7178555995344762
  (1, 6773)	4.6162200221746765
  (1, 7352)	2.48534630686257
  (1, 7394)	10.029057429652251
  (1, 8228)	3.3602874789180293
  (1, 8236)	11.429664621685571
  (1, 8707)	2.7241125791123393
  (1, 9657)	22.280113863795975
  :	:
  (17991, 6619)	5.00515582833163
  (17991, 6688)	2.5465482720906456
  (17991, 6690)	4.132423070796605
  (17991, 8122)	2.991346301610737
  (17991, 8579)	0.5254001830155217
  (17991, 9087)	5.452468046375295
  (17991, 9104)	3.2299256610547857
  (17991, 10380)	2.6292767444269107
  (17991, 10738)	0.09818243264420962
  (17991, 11118)	2.473542891137685
  (17991, 12137)	2.8079312509954106
  (17991, 12172)	4.065283689759292
  (17991, 12422)	4.74658184003792
  (17991, 12449)	6.0249872391466255
  (17991, 12450)	5.798847182840153
  (17991, 12762)	4.203374806768889
  (17991, 13101)	2.2203469947570738
  (17991, 13183)	4.231390464459422
  (17991, 13186)	2.330442047497012
  (17991, 13283)	1.2562305119428314
  (17991, 14115)	2.001260244138478
  (17991, 14362)	23.189205994155152
  (17991, 14446)	2.588071774882391
  (17991, 15151)	2.9569343040130085
  (17991, 15162)	2.6687238299637284
(17992, 17992)
(17992, 17992)
17992
Tensor("graphconvolution_2/SparseTensorDenseMatMul/SparseTensorDenseMatMul:0", shape=(None, 52), dtype=float32)
