(3022, 300) (3022, 23) (4043, 300) (4043, 23) (17514, 300) (17514, 23)
21557
  (0, 3359)	5.577030769017057
  (0, 3385)	26.455355949884314
  (0, 3421)	13.939666206452838
  (0, 3587)	5.220355825078324
  (0, 3645)	0.9703478889312359
  (0, 3738)	5.8647128414688385
  (0, 3917)	19.628143287419626
  (0, 4195)	5.651138741170779
  (0, 4329)	31.721429608653622
  (0, 4385)	4.52720864451838
  (0, 4428)	19.128403576588678
  (0, 4548)	3.6781266623376743
  (0, 4600)	2.5007064881327628
  (0, 4711)	10.730794439619183
  (0, 4779)	3.68348860547906
  (0, 4822)	6.076021935136045
  (0, 4886)	1.3033452781391397
  (0, 5046)	3.7387512841541093
  (0, 5108)	13.65958747502485
  (0, 5197)	4.565429857338577
  (0, 5737)	5.731181448844316
  (0, 5896)	3.147183896412084
  (0, 5900)	1.6815727804636063
  (0, 6074)	3.7107382479264355
  (0, 6125)	4.502516031928008
  :	:
  (21556, 12648)	4.03403795599111
  (21556, 12692)	22.56882275421711
  (21556, 12705)	2.9278210679377805
  (21556, 12894)	4.53978742672524
  (21556, 12960)	2.644863488059361
  (21556, 13102)	6.963325130136948
  (21556, 13281)	3.0484490557263952
  (21556, 14226)	5.651138741170779
  (21556, 14662)	14.483872993990904
  (21556, 14684)	9.23755167608774
  (21556, 14980)	3.56690102722745
  (21556, 15283)	3.071504832026321
  (21556, 15587)	1.6650077635889111
  (21556, 15636)	4.245796185080194
  (21556, 15690)	11.729425682937677
  (21556, 15849)	3.859379271942724
  (21556, 16287)	6.076021935136045
  (21556, 16491)	3.2567460989236108
  (21556, 16547)	2.7292186255396884
  (21556, 16819)	1.8953198043817334
  (21556, 17017)	5.337918868042983
  (21556, 17066)	6.018675851219539
  (21556, 17095)	6.1366465569524795
  (21556, 17311)	6.344285921730725
  (21556, 17421)	3.744449305268747
(21557, 21557)
(21557, 21557)
21557
Tensor("graphconvolution_2/SparseTensorDenseMatMul/SparseTensorDenseMatMul:0", shape=(None, 23), dtype=float32)
